image_width: 1032
image_height: 776
camera_name: cameraR
K:
  rows: 3
  cols: 3
  data: [614.9, 0, 516.5, 0, 614.9, 388.5, 0, 0, 1]
distortion_model: plumb_bob
D:
  rows: 1
  cols: 5
  data: [0, 0, 0,0, 0]
R:
  rows: 3
  cols: 3
  data: [1, 0, 0, 0, 1, 0, 0, 0, 1]
P:
  rows: 3
  cols: 4
  data: [614.946977845831, 0, 516.5, 61.5, 0, 614.946977845831, 388.5, 0, 0, 0, 1, 0]
